4.318213590842126869e+05,1.377997587722489610e+06,-4.740999999999999659e+00
4.318231403039096622e+05,1.378003525275519816e+06,-4.823507575757575161e+00
4.318249215236066375e+05,1.378009462828550255e+06,-4.906015151515151551e+00
4.318267027433036128e+05,1.378015400381580461e+06,-4.988522727272727053e+00
4.318284839630005881e+05,1.378021337934610900e+06,-5.071030303030302555e+00
4.318302651826975634e+05,1.378027275487641105e+06,-5.153537878787878057e+00
4.318320464023944805e+05,1.378033213040671311e+06,-5.236045454545454447e+00
4.318338276220914559e+05,1.378039150593701750e+06,-5.318553030303029949e+00
4.318356088417884312e+05,1.378045088146731956e+06,-5.401060606060605451e+00
4.318373900614854065e+05,1.378051025699762395e+06,-5.483568181818181841e+00
4.318391712811823818e+05,1.378056963252792601e+06,-5.566075757575757343e+00
4.318409525008793571e+05,1.378062900805823039e+06,-5.648583333333332845e+00
4.318427337205763324e+05,1.378068838358853245e+06,-5.731090909090908347e+00
4.318445149402733077e+05,1.378074775911883451e+06,-5.813598484848484738e+00
4.318462961599702830e+05,1.378080713464913890e+06,-5.896106060606060240e+00
4.318480773796672584e+05,1.378086651017944096e+06,-5.978613636363635742e+00
4.318498585993641755e+05,1.378092588570974534e+06,-6.061121212121211244e+00
4.318516398190611508e+05,1.378098526124004740e+06,-6.143628787878787634e+00
4.318534210387581261e+05,1.378104463677035179e+06,-6.226136363636363136e+00
4.318552022584551014e+05,1.378110401230065385e+06,-6.308643939393938638e+00
4.318569834781520767e+05,1.378116338783095591e+06,-6.391151515151515028e+00
4.318587646978490520e+05,1.378122276336126029e+06,-6.473659090909090530e+00
4.318605459175460273e+05,1.378128213889156235e+06,-6.556166666666666032e+00
4.318623271372430027e+05,1.378134151442186674e+06,-6.638674242424242422e+00
4.318641083569399780e+05,1.378140088995216880e+06,-6.721181818181817924e+00
4.318658895766369533e+05,1.378146026548247086e+06,-6.803689393939393426e+00
4.318676707963338704e+05,1.378151964101277525e+06,-6.886196969696969816e+00
4.318694520160308457e+05,1.378157901654307730e+06,-6.968704545454544430e+00
4.318712332357278210e+05,1.378163839207338169e+06,-7.051212121212120820e+00
4.318730144554247963e+05,1.378169776760368375e+06,-7.133719696969696322e+00
4.318747956751217716e+05,1.378175714313398581e+06,-7.216227272727271824e+00
4.318765768948187470e+05,1.378181651866429020e+06,-7.298734848484848214e+00
4.318783581145157223e+05,1.378187589419459226e+06,-7.381242424242423716e+00
4.318801393342126976e+05,1.378193526972489664e+06,-7.463749999999999218e+00
4.318819205539096729e+05,1.378199464525519870e+06,-7.546257575757575609e+00
4.318837017736066482e+05,1.378205402078550309e+06,-7.628765151515151111e+00
4.318854829933035653e+05,1.378211339631580515e+06,-7.711272727272726613e+00
4.318872642130005406e+05,1.378217277184610721e+06,-7.793780303030303003e+00
4.318890454326975159e+05,1.378223214737641159e+06,-7.876287878787877617e+00
4.318908266523944912e+05,1.378229152290671365e+06,-7.958795454545454007e+00
4.318926078720914666e+05,1.378235089843701804e+06,-8.041303030303030397e+00
4.318943890917884419e+05,1.378241027396732010e+06,-8.123810606060605011e+00
4.318961703114854172e+05,1.378246964949762449e+06,-8.206318181818181401e+00
4.318979515311823925e+05,1.378252902502792655e+06,-8.288825757575757791e+00
4.318997327508793678e+05,1.378258840055822860e+06,-8.371333333333332405e+00
4.319015139705763431e+05,1.378264777608853299e+06,-8.453840909090908795e+00
4.319032951902732602e+05,1.378270715161883505e+06,-8.536348484848485185e+00
4.319050764099702355e+05,1.378276652714913944e+06,-8.618856060606059799e+00
4.319068576296672109e+05,1.378282590267944150e+06,-8.701363636363636189e+00
4.319086388493641862e+05,1.378288527820974356e+06,-8.783871212121212579e+00
4.319104200690611615e+05,1.378294465374004794e+06,-8.866378787878787193e+00
4.319122012887581368e+05,1.378300402927035000e+06,-8.948886363636361807e+00
4.319139825084551121e+05,1.378306340480065439e+06,-9.031393939393939974e+00
4.319157637281520874e+05,1.378312278033095645e+06,-9.113901515151514587e+00
4.319175449478490627e+05,1.378318215586125851e+06,-9.196409090909089201e+00
4.319193261675460381e+05,1.378324153139156289e+06,-9.278916666666665591e+00
4.319211073872429552e+05,1.378330090692186495e+06,-9.361424242424241982e+00
4.319228886069399305e+05,1.378336028245216934e+06,-9.443931818181816595e+00
4.319246698266369058e+05,1.378341965798247140e+06,-9.526439393939392986e+00
4.319264510463338811e+05,1.378347903351277579e+06,-9.608946969696969376e+00
4.319282322660308564e+05,1.378353840904307785e+06,-9.691454545454543990e+00
4.319300134857278317e+05,1.378359778457337990e+06,-9.773962121212120380e+00
4.319317947054248070e+05,1.378365716010368429e+06,-9.856469696969696770e+00
4.319335759251217823e+05,1.378371653563398635e+06,-9.938977272727271384e+00
4.319353571448187577e+05,1.378377591116429074e+06,-1.002148484848484777e+01
4.319371383645157330e+05,1.378383528669459280e+06,-1.010399242424242416e+01
4.319389195842127083e+05,1.378389466222489718e+06,-1.018649999999999878e+01
4.319407008039096254e+05,1.378395403775519924e+06,-1.026900757575757517e+01
4.319424820236066007e+05,1.378401341328550130e+06,-1.035151515151515156e+01
4.319442632433035760e+05,1.378407278881580569e+06,-1.043402272727272617e+01
4.319460444630005513e+05,1.378413216434610775e+06,-1.051653030303030256e+01
4.319478256826975266e+05,1.378419153987641213e+06,-1.059903787878787895e+01
4.319496069023945020e+05,1.378425091540671419e+06,-1.068154545454545357e+01
4.319513881220914773e+05,1.378431029093701625e+06,-1.076405303030302996e+01
4.319531693417884526e+05,1.378436966646732064e+06,-1.084656060606060635e+01
4.319549505614854279e+05,1.378442904199762270e+06,-1.092906818181818096e+01
4.319567317811824032e+05,1.378448841752792709e+06,-1.101157575757575557e+01
4.319585130008793203e+05,1.378454779305822914e+06,-1.109408333333333374e+01
4.319602942205762956e+05,1.378460716858853120e+06,-1.117659090909090835e+01
4.319620754402732709e+05,1.378466654411883559e+06,-1.125909848484848297e+01
4.319638566599702463e+05,1.378472591964913765e+06,-1.134160606060605936e+01
4.319656378796672216e+05,1.378478529517944204e+06,-1.142411363636363575e+01
4.319674190993641969e+05,1.378484467070974410e+06,-1.150662121212121036e+01
4.319692003190611722e+05,1.378490404624004848e+06,-1.158912878787878675e+01
4.319709815387581475e+05,1.378496342177035054e+06,-1.167163636363636314e+01
4.319727627584551228e+05,1.378502279730065260e+06,-1.175414393939393776e+01
4.319745439781520981e+05,1.378508217283095699e+06,-1.183665151515151415e+01
4.319763251978490152e+05,1.378514154836125905e+06,-1.191915909090909054e+01
4.319781064175459906e+05,1.378520092389156343e+06,-1.200166666666666515e+01
4.319798876372429659e+05,1.378526029942186549e+06,-1.208417424242424154e+01
4.319816688569399412e+05,1.378531967495216988e+06,-1.216668181818181793e+01
4.319834500766369165e+05,1.378537905048247194e+06,-1.224918939393939255e+01
4.319852312963338918e+05,1.378543842601277400e+06,-1.233169696969696894e+01
4.319870125160308671e+05,1.378549780154307839e+06,-1.241420454545454533e+01
4.319887937357278424e+05,1.378555717707338044e+06,-1.249671212121211994e+01
4.319905749554248177e+05,1.378561655260368483e+06,-1.257921969696969633e+01
4.319923561751217931e+05,1.378567592813398689e+06,-1.266172727272727272e+01
4.319941373948187102e+05,1.378573530366428895e+06,-1.274423484848484733e+01
4.319959186145156855e+05,1.378579467919459334e+06,-1.282674242424242372e+01
4.319976998342126608e+05,1.378585405472489540e+06,-1.290924999999999834e+01
4.319994810539096361e+05,1.378591343025519978e+06,-1.299175757575757473e+01
4.320012622736066114e+05,1.378597280578550184e+06,-1.307426515151515112e+01
4.320030434933035867e+05,1.378603218131580390e+06,-1.315677272727272573e+01
4.320048247130005620e+05,1.378609155684610829e+06,-1.323928030303030212e+01
4.320066059326975374e+05,1.378615093237641035e+06,-1.332178787878787851e+01
4.320083871523945127e+05,1.378621030790671473e+06,-1.340429545454545313e+01
4.320101683720914880e+05,1.378626968343701679e+06,-1.348680303030302952e+01
4.320119495917884051e+05,1.378632905896732118e+06,-1.356931060606060591e+01
4.320137308114853804e+05,1.378638843449762324e+06,-1.365181818181818052e+01
4.320155120311823557e+05,1.378644781002792530e+06,-1.373432575757575691e+01
4.320172932508793310e+05,1.378650718555822968e+06,-1.381683333333333152e+01
4.320190744705763063e+05,1.378656656108853174e+06,-1.389934090909090791e+01
4.320208556902732817e+05,1.378662593661883613e+06,-1.398184848484848430e+01
4.320226369099702570e+05,1.378668531214913819e+06,-1.406435606060605892e+01
4.320244181296672323e+05,1.378674468767944258e+06,-1.414686363636363531e+01
4.320261993493642076e+05,1.378680406320974464e+06,-1.422937121212121170e+01
4.320279805690611829e+05,1.378686343874004669e+06,-1.431187878787878631e+01
4.320297617887581000e+05,1.378692281427035108e+06,-1.439438636363636270e+01
4.320315430084550753e+05,1.378698218980065314e+06,-1.447689393939393909e+01
4.320333242281520506e+05,1.378704156533095753e+06,-1.455940151515151371e+01
4.320351054478490259e+05,1.378710094086125959e+06,-1.464190909090909010e+01
4.320368866675460013e+05,1.378716031639156165e+06,-1.472441666666666649e+01
4.320386678872429766e+05,1.378721969192186603e+06,-1.480692424242424110e+01
4.320404491069399519e+05,1.378727906745216809e+06,-1.488943181818181749e+01
4.320422303266369272e+05,1.378733844298247248e+06,-1.497193939393939210e+01
4.320440115463339025e+05,1.378739781851277454e+06,-1.505444696969696849e+01
4.320457927660308778e+05,1.378745719404307660e+06,-1.513695454545454488e+01
4.320475739857277949e+05,1.378751656957338098e+06,-1.521946212121211950e+01
4.320493552054247702e+05,1.378757594510368304e+06,-1.530196969696969589e+01
4.320511364251217456e+05,1.378763532063398743e+06,-1.538447727272727228e+01
4.320529176448187209e+05,1.378769469616428949e+06,-1.546698484848484689e+01
4.320546988645156962e+05,1.378775407169459388e+06,-1.554949242424242328e+01
4.320564800842126715e+05,1.378781344722489594e+06,-1.563199999999999967e+01
4.320564800842126715e+05,1.378781344722489594e+06,-1.563199999999999967e+01
4.320596980842126650e+05,1.378782983722489560e+06,-1.572366666666666646e+01
4.320629160842126585e+05,1.378784622722489526e+06,-1.581533333333333324e+01
4.320661340842126519e+05,1.378786261722489493e+06,-1.590700000000000003e+01
4.320661340842126519e+05,1.378786261722489493e+06,-1.590700000000000003e+01
4.320728655751217157e+05,1.378784176813398488e+06,-1.591965454545454506e+01
4.320795970660308376e+05,1.378782091904307716e+06,-1.593230909090909186e+01
4.320863285569399013e+05,1.378780006995216710e+06,-1.594496363636363689e+01
4.320930600478490232e+05,1.378777922086125938e+06,-1.595761818181818192e+01
4.320997915387580870e+05,1.378775837177034933e+06,-1.597027272727272695e+01
4.321065230296672089e+05,1.378773752267944161e+06,-1.598292727272727376e+01
4.321132545205762726e+05,1.378771667358853156e+06,-1.599558181818181879e+01
4.321199860114853946e+05,1.378769582449762151e+06,-1.600823636363636382e+01
4.321267175023944583e+05,1.378767497540671378e+06,-1.602089090909090885e+01
4.321334489933035802e+05,1.378765412631580373e+06,-1.603354545454545388e+01
4.321401804842126439e+05,1.378763327722489601e+06,-1.604619999999999891e+01
4.321469119751217659e+05,1.378761242813398596e+06,-1.605885454545454749e+01
4.321536434660308296e+05,1.378759157904307591e+06,-1.607150909090909252e+01
4.321603749569399515e+05,1.378757072995216819e+06,-1.608416363636363755e+01
4.321671064478490152e+05,1.378754988086125813e+06,-1.609681818181818258e+01
4.321738379387581372e+05,1.378752903177035041e+06,-1.610947272727272761e+01
4.321805694296672009e+05,1.378750818267944036e+06,-1.612212727272727264e+01
4.321873009205763228e+05,1.378748733358853264e+06,-1.613478181818181767e+01
4.321940324114853865e+05,1.378746648449762259e+06,-1.614743636363636270e+01
4.322007639023944503e+05,1.378744563540671254e+06,-1.616009090909091128e+01
4.322074953933035722e+05,1.378742478631580481e+06,-1.617274545454545631e+01
4.322142268842126359e+05,1.378740393722489476e+06,-1.618540000000000134e+01
4.322209583751217579e+05,1.378738308813398704e+06,-1.619805454545454637e+01
4.322276898660308216e+05,1.378736223904307699e+06,-1.621070909090909140e+01
4.322344213569399435e+05,1.378734138995216694e+06,-1.622336363636363643e+01
4.322411528478490072e+05,1.378732054086125921e+06,-1.623601818181818146e+01
4.322478843387581292e+05,1.378729969177034916e+06,-1.624867272727272649e+01
4.322546158296671929e+05,1.378727884267944144e+06,-1.626132727272727507e+01
4.322613473205763148e+05,1.378725799358853139e+06,-1.627398181818182010e+01
4.322680788114853785e+05,1.378723714449762367e+06,-1.628663636363636513e+01
4.322748103023945005e+05,1.378721629540671362e+06,-1.629929090909091016e+01
4.322815417933035642e+05,1.378719544631580357e+06,-1.631194545454545519e+01
4.322882732842126861e+05,1.378717459722489584e+06,-1.632460000000000022e+01
4.322950047751217498e+05,1.378715374813398579e+06,-1.633725454545454525e+01
4.323017362660308718e+05,1.378713289904307807e+06,-1.634990909090909028e+01
4.323084677569399355e+05,1.378711204995216802e+06,-1.636256363636363886e+01
4.323151992478489992e+05,1.378709120086125797e+06,-1.637521818181818389e+01
4.323219307387581212e+05,1.378707035177035024e+06,-1.638787272727272892e+01
4.323286622296671849e+05,1.378704950267944019e+06,-1.640052727272727395e+01
4.323353937205763068e+05,1.378702865358853247e+06,-1.641318181818181898e+01
4.323421252114853705e+05,1.378700780449762242e+06,-1.642583636363636401e+01
4.323488567023944925e+05,1.378698695540671470e+06,-1.643849090909090904e+01
4.323555881933035562e+05,1.378696610631580465e+06,-1.645114545454545407e+01
4.323623196842126781e+05,1.378694525722489459e+06,-1.646380000000000265e+01
4.323690511751217418e+05,1.378692440813398687e+06,-1.647645454545454768e+01
4.323757826660308638e+05,1.378690355904307682e+06,-1.648910909090909271e+01
4.323825141569399275e+05,1.378688270995216910e+06,-1.650176363636363774e+01
4.323892456478490494e+05,1.378686186086125905e+06,-1.651441818181818277e+01
4.323959771387581131e+05,1.378684101177034900e+06,-1.652707272727272780e+01
4.324027086296672351e+05,1.378682016267944127e+06,-1.653972727272727283e+01
4.324094401205762988e+05,1.378679931358853122e+06,-1.655238181818182142e+01
4.324161716114854207e+05,1.378677846449762350e+06,-1.656503636363636645e+01
4.324229031023944844e+05,1.378675761540671345e+06,-1.657769090909091148e+01
4.324296345933036064e+05,1.378673676631580573e+06,-1.659034545454545651e+01
4.324363660842126701e+05,1.378671591722489567e+06,-1.660300000000000153e+01
4.324363660842126701e+05,1.378671591722489567e+06,-1.660300000000000153e+01
4.324365662092126440e+05,1.378670973722489551e+06,-1.661862500000000153e+01
4.324367663342126762e+05,1.378670355722489534e+06,-1.663425000000000153e+01
4.324369664592126501e+05,1.378669737722489517e+06,-1.664987500000000153e+01
4.324371665842126822e+05,1.378669119722489500e+06,-1.666550000000000153e+01
4.324373667092126561e+05,1.378668501722489484e+06,-1.668112500000000153e+01
4.324375668342126883e+05,1.378667883722489700e+06,-1.669675000000000153e+01
4.324377669592126622e+05,1.378667265722489683e+06,-1.671237500000000153e+01
4.324379670842126943e+05,1.378666647722489666e+06,-1.672800000000000153e+01
4.324381672092126682e+05,1.378666029722489649e+06,-1.674362500000000153e+01
4.324383673342127004e+05,1.378665411722489633e+06,-1.675925000000000153e+01
4.324385674592126743e+05,1.378664793722489616e+06,-1.677487500000000153e+01
4.324387675842127064e+05,1.378664175722489599e+06,-1.679050000000000153e+01
4.324389677092126803e+05,1.378663557722489582e+06,-1.680612500000000153e+01
4.324391678342126543e+05,1.378662939722489566e+06,-1.682175000000000153e+01
4.324393679592126864e+05,1.378662321722489549e+06,-1.683737500000000153e+01
4.324395680842126603e+05,1.378661703722489532e+06,-1.685300000000000153e+01
4.324397682092126925e+05,1.378661085722489515e+06,-1.686862500000000153e+01
4.324399683342126664e+05,1.378660467722489499e+06,-1.688425000000000153e+01
4.324401684592126985e+05,1.378659849722489715e+06,-1.689987500000000153e+01
4.324403685842126724e+05,1.378659231722489698e+06,-1.691550000000000153e+01
4.324405687092127046e+05,1.378658613722489681e+06,-1.693112500000000153e+01
4.324407688342126785e+05,1.378657995722489664e+06,-1.694675000000000153e+01
4.324409689592127106e+05,1.378657377722489648e+06,-1.696237500000000153e+01
4.324411690842126845e+05,1.378656759722489631e+06,-1.697800000000000153e+01
4.324411690842126845e+05,1.378656759722489631e+06,-1.697800000000000153e+01
4.324341778603320708e+05,1.378651853812041925e+06,-1.677117910447761417e+01
4.324271866364515154e+05,1.378646947901594220e+06,-1.656435820895522681e+01
4.324201954125709017e+05,1.378642041991146281e+06,-1.635753731343283590e+01
4.324132041886902880e+05,1.378637136080698576e+06,-1.615071641791044854e+01
4.324062129648096743e+05,1.378632230170250870e+06,-1.594389552238806118e+01
4.323992217409291188e+05,1.378627324259803165e+06,-1.573707462686567382e+01
4.323922305170485051e+05,1.378622418349355226e+06,-1.553025373134328468e+01
4.323852392931678914e+05,1.378617512438907521e+06,-1.532343283582089732e+01
4.323782480692873360e+05,1.378612606528459815e+06,-1.511661194029850819e+01
4.323712568454067223e+05,1.378607700618012110e+06,-1.490979104477612083e+01
4.323642656215261086e+05,1.378602794707564171e+06,-1.470297014925373347e+01
4.323572743976455531e+05,1.378597888797116466e+06,-1.449614925373134433e+01
4.323502831737649394e+05,1.378592982886668760e+06,-1.428932835820895697e+01
4.323432919498843257e+05,1.378588076976221055e+06,-1.408250746268656783e+01
4.323363007260037120e+05,1.378583171065773116e+06,-1.387568656716418047e+01
4.323293095021231566e+05,1.378578265155325411e+06,-1.366886567164179311e+01
4.323223182782425429e+05,1.378573359244877705e+06,-1.346204477611940398e+01
4.323153270543619292e+05,1.378568453334430000e+06,-1.325522388059701662e+01
4.323083358304813737e+05,1.378563547423982061e+06,-1.304840298507462748e+01
4.323013446066007600e+05,1.378558641513534356e+06,-1.284158208955224012e+01
4.322943533827201463e+05,1.378553735603086650e+06,-1.263476119402985276e+01
4.322873621588395908e+05,1.378548829692638945e+06,-1.242794029850746362e+01
4.322803709349589772e+05,1.378543923782191239e+06,-1.222111940298507449e+01
4.322733797110783635e+05,1.378539017871743301e+06,-1.201429850746268713e+01
4.322663884871977498e+05,1.378534111961295595e+06,-1.180747761194029977e+01
4.322593972633171943e+05,1.378529206050847890e+06,-1.160065671641791241e+01
4.322524060394365806e+05,1.378524300140400184e+06,-1.139383582089552327e+01
4.322454148155559669e+05,1.378519394229952246e+06,-1.118701492537313413e+01
4.322384235916754114e+05,1.378514488319504540e+06,-1.098019402985074677e+01
4.322314323677947978e+05,1.378509582409056835e+06,-1.077337313432835941e+01
4.322244411439141841e+05,1.378504676498609129e+06,-1.056655223880597205e+01
4.322174499200336286e+05,1.378499770588161191e+06,-1.035973134328358292e+01
4.322104586961530149e+05,1.378494864677713485e+06,-1.015291044776119378e+01
4.322034674722724012e+05,1.378489958767265780e+06,-9.946089552238806419e+00
4.321964762483917875e+05,1.378485052856818074e+06,-9.739268656716419059e+00
4.321894850245112320e+05,1.378480146946370136e+06,-9.532447761194031699e+00
4.321824938006306184e+05,1.378475241035922430e+06,-9.325626865671642562e+00
4.321755025767500047e+05,1.378470335125474725e+06,-9.118805970149253426e+00
4.321685113528694492e+05,1.378465429215027019e+06,-8.911985074626866066e+00
4.321615201289888355e+05,1.378460523304579081e+06,-8.705164179104478706e+00
4.321545289051082218e+05,1.378455617394131375e+06,-8.498343283582089569e+00
4.321475376812276663e+05,1.378450711483683670e+06,-8.291522388059702209e+00
4.321405464573470526e+05,1.378445805573235964e+06,-8.084701492537314849e+00
4.321335552334664389e+05,1.378440899662788026e+06,-7.877880597014925712e+00
4.321265640095858253e+05,1.378435993752340320e+06,-7.671059701492538352e+00
4.321195727857052698e+05,1.378431087841892615e+06,-7.464238805970149215e+00
4.321125815618246561e+05,1.378426181931444909e+06,-7.257417910447761855e+00
4.321055903379440424e+05,1.378421276020997204e+06,-7.050597014925372719e+00
4.320985991140634869e+05,1.378416370110549266e+06,-6.843776119402985358e+00
4.320916078901828732e+05,1.378411464200101560e+06,-6.636955223880597998e+00
4.320846166663022595e+05,1.378406558289653854e+06,-6.430134328358208862e+00
4.320776254424217041e+05,1.378401652379206149e+06,-6.223313432835821501e+00
4.320706342185410904e+05,1.378396746468758211e+06,-6.016492537313432365e+00
4.320636429946604767e+05,1.378391840558310505e+06,-5.809671641791045005e+00
4.320566517707798630e+05,1.378386934647862799e+06,-5.602850746268657645e+00
4.320496605468993075e+05,1.378382028737415094e+06,-5.396029850746268508e+00
4.320426693230186938e+05,1.378377122826967156e+06,-5.189208955223881148e+00
4.320356780991380801e+05,1.378372216916519450e+06,-4.982388059701492011e+00
4.320286868752575247e+05,1.378367311006071744e+06,-4.775567164179104651e+00
4.320216956513769110e+05,1.378362405095624039e+06,-4.568746268656717291e+00
4.320147044274962973e+05,1.378357499185176101e+06,-4.361925373134328154e+00
4.320077132036157418e+05,1.378352593274728395e+06,-4.155104477611940794e+00
4.320007219797351281e+05,1.378347687364280690e+06,-3.948283582089551658e+00
4.319937307558545144e+05,1.378342781453832984e+06,-3.741462686567164297e+00
4.319867395319739007e+05,1.378337875543385046e+06,-3.534641791044776937e+00
4.319797483080933453e+05,1.378332969632937340e+06,-3.327820895522387801e+00
4.319727570842127316e+05,1.378328063722489635e+06,-3.120999999999999996e+00
4.319727570842127316e+05,1.378328063722489635e+06,-3.120999999999999996e+00
4.319722022842126898e+05,1.378325394322489621e+06,-3.097399999999999931e+00
4.319716474842127063e+05,1.378322724922489608e+06,-3.073799999999999866e+00
4.319710926842126646e+05,1.378320055522489594e+06,-3.050200000000000244e+00
4.319705378842126811e+05,1.378317386122489581e+06,-3.026600000000000179e+00
4.319699830842126394e+05,1.378314716722489567e+06,-3.003000000000000114e+00
4.319699830842126394e+05,1.378314716722489567e+06,-3.003000000000000114e+00
4.319764285152471275e+05,1.378312705394903431e+06,-3.057637931034483003e+00
4.319828739462816156e+05,1.378310694067317061e+06,-3.112275862068965449e+00
4.319893193773161038e+05,1.378308682739730924e+06,-3.166913793103448338e+00
4.319957648083505919e+05,1.378306671412144788e+06,-3.221551724137931227e+00
4.320022102393850801e+05,1.378304660084558651e+06,-3.276189655172413673e+00
4.320086556704195100e+05,1.378302648756972281e+06,-3.330827586206896562e+00
4.320151011014539981e+05,1.378300637429386145e+06,-3.385465517241379452e+00
4.320215465324884863e+05,1.378298626101800008e+06,-3.440103448275862341e+00
4.320279919635229744e+05,1.378296614774213638e+06,-3.494741379310344787e+00
4.320344373945574625e+05,1.378294603446627501e+06,-3.549379310344827676e+00
4.320408828255919507e+05,1.378292592119041365e+06,-3.604017241379310121e+00
4.320473282566264388e+05,1.378290580791454995e+06,-3.658655172413793011e+00
4.320537736876609270e+05,1.378288569463868858e+06,-3.713293103448275900e+00
4.320602191186954151e+05,1.378286558136282722e+06,-3.767931034482758790e+00
4.320666645497299032e+05,1.378284546808696585e+06,-3.822568965517241235e+00
4.320731099807643914e+05,1.378282535481110215e+06,-3.877206896551724125e+00
4.320795554117988795e+05,1.378280524153524078e+06,-3.931844827586207014e+00
4.320860008428333094e+05,1.378278512825937942e+06,-3.986482758620689459e+00
4.320924462738677976e+05,1.378276501498351572e+06,-4.041120689655172349e+00
4.320988917049022857e+05,1.378274490170765435e+06,-4.095758620689655238e+00
4.321053371359367738e+05,1.378272478843179299e+06,-4.150396551724138128e+00
4.321117825669712620e+05,1.378270467515593162e+06,-4.205034482758620129e+00
4.321182279980057501e+05,1.378268456188006792e+06,-4.259672413793103019e+00
4.321246734290402383e+05,1.378266444860420655e+06,-4.314310344827585908e+00
4.321311188600747264e+05,1.378264433532834519e+06,-4.368948275862068797e+00
4.321375642911092145e+05,1.378262422205248149e+06,-4.423586206896551687e+00
4.321440097221437027e+05,1.378260410877662012e+06,-4.478224137931034576e+00
4.321504551531781908e+05,1.378258399550075876e+06,-4.532862068965517466e+00
4.321569005842126207e+05,1.378256388222489506e+06,-4.587500000000000355e+00
4.321633460152471089e+05,1.378254376894903369e+06,-4.642137931034482357e+00
4.321697914462815970e+05,1.378252365567317232e+06,-4.696775862068965246e+00
4.321762368773160852e+05,1.378250354239731096e+06,-4.751413793103448135e+00
4.321826823083505733e+05,1.378248342912144726e+06,-4.806051724137931025e+00
4.321891277393850614e+05,1.378246331584558589e+06,-4.860689655172413914e+00
4.321955731704195496e+05,1.378244320256972453e+06,-4.915327586206895916e+00
4.322020186014540377e+05,1.378242308929386083e+06,-4.969965517241378805e+00
4.322084640324885258e+05,1.378240297601799946e+06,-5.024603448275861695e+00
4.322149094635230140e+05,1.378238286274213810e+06,-5.079241379310344584e+00
4.322213548945575021e+05,1.378236274946627673e+06,-5.133879310344827474e+00
4.322278003255919903e+05,1.378234263619041303e+06,-5.188517241379310363e+00
4.322342457566264202e+05,1.378232252291455166e+06,-5.243155172413793252e+00
4.322406911876609083e+05,1.378230240963869030e+06,-5.297793103448276142e+00
4.322471366186953965e+05,1.378228229636282660e+06,-5.352431034482759031e+00
4.322535820497298846e+05,1.378226218308696523e+06,-5.407068965517241033e+00
4.322600274807643727e+05,1.378224206981110387e+06,-5.461706896551723922e+00
4.322664729117988609e+05,1.378222195653524250e+06,-5.516344827586206812e+00
4.322729183428333490e+05,1.378220184325937880e+06,-5.570982758620688813e+00
4.322793637738678372e+05,1.378218172998351743e+06,-5.625620689655171702e+00
4.322858092049023253e+05,1.378216161670765607e+06,-5.680258620689654592e+00
4.322922546359368134e+05,1.378214150343179237e+06,-5.734896551724137481e+00
4.322987000669713016e+05,1.378212139015593100e+06,-5.789534482758620371e+00
4.323051454980057897e+05,1.378210127688006964e+06,-5.844172413793103260e+00
4.323115909290402196e+05,1.378208116360420594e+06,-5.898810344827586150e+00
4.323180363600747078e+05,1.378206105032834457e+06,-5.953448275862069039e+00
4.323244817911091959e+05,1.378204093705248320e+06,-6.008086206896551928e+00
4.323309272221436840e+05,1.378202082377662184e+06,-6.062724137931033930e+00
4.323373726531781722e+05,1.378200071050075814e+06,-6.117362068965516819e+00
4.323438180842126603e+05,1.378198059722489677e+06,-6.171999999999999709e+00
